pars <- c(
V1=19,Kin=0.01,Kout=0.01,Ktr=0.01,k12N=0.01,V2=10,weight=70,timeout=30,starttime=0)