states <- c(
PlasmaN=0,Tr1N=0,D=0,Tr2N=0,C2N=0,F=0.5)