#last edited by: Anik Chaturbedi
#on: 2022-01-14
opioidPKParameters <- c(
		kout=0.002/10, 
		k12=0.0032, 
		k13=0.0036/10,
		k21=0.0023*10, 
		k31=0.00023*10, 
#		Infu_t=300, 
		k1=10/60, 
#		VP=10.5, 
		Mmass=394.5
)