#last edited by: Anik Chaturbedi
#on: 2022-01-14
opioidBindingParameters<-c(
		A1=9.95E-6, 
		B1=2.47E-4, 
		n=1.025
)