#last edited by: Anik Chaturbedi
#on: 2022-11-16
states <- c(
		D=0,
		NT1=0,
		NT2=0,
		PlasmaN=0,
		N=0,
		PlasmaF=0,
		C2=0,
		C3=0,
		L=0,
		CAR=0,
		CBR=0,
		P_A_co2=40.28,
		P_A_o2=100.2,
		C_B_co2=0.645,
		C_B_o2=9.78E-4,
		C_T_co2=0.605,
		C_T_o2=13E-4,
		P_I_o2=149,
		yco2=0,
		yo2=0,
		Dp=0,
		Dc=0,
		alphaH=1,
		FIV=0,
		iman=0,
		im25=1,
		im26=1,
		im27=1,
		C2N=0,
		yo2Child=0,
		F1=0.2609
)