#last edited by: Anik Chaturbedi
#on: 2022-01-14
opioidPKParameters <- c(
		kout=0.002, #(in 1/s)  
		k12=0.0032, #(in 1/s)  
		k13=0.0036, #(in 1/s)  
		k21=0.0023, #(in 1/s)  
		k31=0.00023, #(in 1/s)  
#		Infu_t=300, 
		k1=0.003, #(in 1/s)  
		VP=10.5, #(in l) 
		Mmass=336.4 #(in g/mol)
)    