#last edited by: Anik Chaturbedi
#on: 2022-01-14
opioidBindingParameters<-c(
		A1=3.08E-5, #A1=4.523E-5, #A1=0.00003627,
		B1=0.004331, #B1=.004004, #B1=0.003505, 
		n=0.8439 #n=.8272 #n=0.8506
) 	    