#last edited by: Anik Chaturbedi
#on: 2023-01-30
subjectPDParameters <- c(
		P1=2.5*1.15*1.47,
		P3=0.9*1.47
)