pars <- c(
koutC=91/2.87*1/3600,k12C=5.66/2.87*1/3600,k21C=5.66/1.49*1/3600,k13C=29.8/2.87*1/3600,k31C=29.8/33.6*1/3600,timeout=30,starttime=0)