#last edited by: Anik Chaturbedi
#on: 2023-04-03
#tsh_value_o2 changed to 15 from 25
physiologicalParameters <- c(
		V_A=3.28,
		P_I_co2=0,
		Wmax=6.62,
		lumbda=863,
		Q1=0,
		s1=0.024,
		z=0,
		alpha_co2=6.67E-4,
		C_B_hco3=0.5824,
		C_T_hco3=0.5824,
		alpha_o2=3.17E-5, 
		K1= 14.99,
		K2=194.4,
		a1=0.3836,
		a2=1.819,
		alpha1=0.03198,
		beta1=0.008275,
		alpha2=0.05591,
		beta2=0.03255,
		Z=0.02272,
		C1Spencer=9, 
		C2Spencer=86.11,
		Qb0=0.75/60, 
		Qt0=4.25/60, 
		rou=0.32,
		V_B=1.32,
		M_B_co2=0.04/60, 
		M_B_o2_0=-0.05/60,
		V_T=38.68, 
		M_T_co2=0.16/60, 
		M_T_o2_0=-0.2/60,
		offDp=1,
		Bmax=0.66, #0.67
		P2=0.06319, 
		offDc=1,
		Aco2=-30,
		Bco2=60,
		Cco2=40,
		Dco2=4.5,
		P_a_co2_0=40, 
		tau_co2=20,
		c1o2=17,
		c2o2=11,
		P_a_o2_0=95,
		tau_o2=10,
		K_Dp=0.588, 
		K_Dc=0.9239, 
		K_fpc=1.738,
		Bp=18,
		f_pc_max=12.3,
		f_pc_min=0.8352, 
		f_pc_0=3.67,
		P_a_o2_c=45,
		K_pc=29.27, 
		tau_Dp=7, 
		tau_Dc=60, 
		G_Dp=2.5, 
		G_Dc=2, 
		P_B_co2_0=45.27,
		theta_Hmin=29.8, 
		Gh=10,
		P_B_o2_0=32, 
		tau_h=300, 
		theta_Hmax=37,
		W=6.62,
		fL=0.87, 
		fN=0.93,
		offCo2=1,
		offO2=1,
		Infu_t=300,
		Cim25=0.004*6,
		Cim26=0.004*6,
		Cim27=1,
		Cim28=1,
		CA_delay_o2=100000,
		CA_delay_co2=100000,
		tsh_value_o2=15,
		tsh_value_co2=52.5,
		Shock=0,
		timeout=600,
		starttime=30)