pars <- c(
koutb=.0041740 ,koutn=.0047500  ,k1b=6.7333e-5,k1n=.0017800,k12b=0.0042300,k21b=.0010900,k13b=0.0029200,k31b=.0001230,k12n=.0065300,k21n=.0007750,A1=0.0000664,B1=0.0001940,n=0.5721,A2=0.0001670,B2=0.03959,n2=0.8856,timeout=30,starttime=0)