parms<-c(koutb=.00205,koutn=.00475,k1b=.0001533,k1n=.001774,k12b=.00206,k21b=.001,k13b=.00169,k31b=.000145,
            k12n=.00653,k21n=.000775,A1=6.64E-5,B1=0.000194,n=0.5721,A2=0.000167,B2=0.03959,n2=.858)