# parms<-list(kin=.000157,kout=.0008377, kout2=.00216 ,k1=.000703, k2=.001774,
#             k12=.003, k21=.00039,A1=.00003627,B1=.003505,n=.8506,
#             A2=0.0001034,B2=0.02449,n2=.8856)


parms<-c(F1 =.6349, kin=.0001775,kout=.002,ktr=.004741, kout2=89.26 ,k1=.00068, k2=.001774,k12=.0032, 
		k13=.0036, k21=.0023, k31=.00023,
		A1=3.081E-5,B1=.004331,n=.8439,A2=0.000167,B2=0.03959,n2=.858,V1=3224)

