pars <- c(
F1=0.6349,kin=0.0001775,kout=0.002,ktr=0.004741 ,kout2=89.26 ,k1=0.00068 ,k2=0.001774,k12=0.0032,k13=0.0036 ,k21=0.0023,k31=0.00023,A1=0.00003627,B1=0.003505,n=0.8506,A2=0.0001034,B2=0.02449,n2=0.8856,V1=3224,Mmass=336.4,timeout=30,starttime=0)