


parms<-c(F=.5704, kin=.008198,kout=.002,ktr=.00833, kout2=31.31 ,k1=.003,
			k2=.001774,k12=.0032, 
			k13=.0036, k21=.0023, k31=.00023,
			A1=3.08E-5, B1=0.004331, n=0.8439,
			A2=0.000167,B2=0.03959,n2=.858,V1=124700,
			k12N=45.28, k21N =45.28, V2=108900, Mmass=336.4)
