#last edited by: Anik Chaturbedi
#on: 2022-01-14
antagonistBindingParameters<- c(
		A2=0.000167, #A2=0.0001034,
		B2=0.03959, #B2=0.02449,
		n2=0.858 #n2=0.8856
)