


parms<-c(F1 =.6349, kin=.0001775,kout=.002,ktr=.004741, kout2=89.26 ,k1=.00068, k2=.001774,k12=.0032, 
		k13=.0036, k21=.0023, k31=.00023,
		Kon=9.95e-6,Koff=.000247,n=1.025,Kon2=0.000167,Koff2=0.03959,n2=.858,V1=3224)

