Parameter=Initial
k1= 0.002063
P1=3.238
P2=0.09001
P3=0.8999
PP1=9
PP3=4.545