#last edited by: Anik Chaturbedi
#on: 2022-02-22
antagonistPKParameters <- c(
		ikoutC=0.001858304, #/sec #(3.84/34.44)/60
		ik12C=0.001901858, #/sec #(3.93/34.44)/60
		ik21C=0.000933713, #/sec #(3.93/70.15)/60
		ik13C=0.000445219, #/sec #(0.92/34.44)/60
		ik31C=0.000186719, #/sec #(0.92/82.12)/60
		iV2C=34.44, #L
		molarMassAntagonist=327.27
)