#last edited by: Anik Chaturbedi
#on: 2022-04-22
#source: /scratch/shilpa.chakravartula/Opioid/Naloxone_Manuscript/BHM/PK_BHM/Intranasal/IN4mgNARCAN/Step0_fitting_optimal/results/Naloxone/1/1pars.txt
antagonistPKParameters <- c(
		F=0.2563,
		f1=0.2005,
		f2=0.165,
		ktr=0.0105, 
		kin=0.002657,
		V1=114300, #(in ml)
		kout2=38.8,
		k12N=141.1,
		V2=113800, #(in ml)
		k2=0.001774,
		molarMassAntagonist=327.27
)